Insert: i
1
New area:[42, 43]
[1, 42] [43, 128] 
Insert: w
1
2
3
New area:[56, 57]
[1, 42] [43, 56] [57, 128] 
Insert: z
1
2
3
New area:[59, 60]
[1, 42] [43, 56] [57, 59] [60, 128] 
Insert: na
1
2
3
New area:[47, 48]
1
2
3
New area:[34, 35]
[1, 34] [35, 42] [43, 47] [48, 56] [57, 59] [60, 128] 
Insert: do
1
2
3
New area:[37, 38]
1
2
3
New area:[48, 49]
[1, 34] [35, 37] [38, 42] [43, 47] [49, 56] [57, 59] [60, 128] 
Insert: nie
each.start: 60, low_bound: 33
New area:[60, 69]
1
2
3
each.start: 38, low_bound: 37
New area:[38, 39]
[1, 37] [39, 42] [43, 47] [49, 56] [57, 59] [69, 128] 
Insert: to
1
2
3
New area:[53, 54]
each.start: 49, low_bound: 47
New area:[49, 50]
[1, 37] [39, 42] [43, 47] [50, 53] [54, 56] [57, 59] [69, 128] 
Insert: o
each.start: 69, low_bound: 36
New area:[69, 92]
[1, 38] [39, 48] [50, 60] [92, 128] 
Insert: ]
1
2
3
New area:[62, 63]
[1, 38] [39, 48] [50, 62] [63, 60] [92, 128] 
Insert: [
each.start: 92, low_bound: 27
New area:[92, 124]
[1, 38] [39, 48] [50, 60] [69, 70] [74, 75] [79, 81] [85, 86] [88, 89] [91, 92] [124, 128] 
Insert: jest
1
2
3
New area:[107, 108]
1
2
3
each.start: 39, low_bound: 37
New area:[39, 40]
1
2
3
New area:[53, 54]
1
2
3
New area:[54, 55]
[1, 38] [40, 48] [50, 53] [55, 60] [69, 70] [74, 75] [79, 81] [85, 86] [88, 89] [91, 107] [108, 92] [124, 128] 
Insert: dla
1
2
3
New area:[45, 46]
1
2
3
New area:[34, 35]
[1, 34] [35, 38] [40, 45] [46, 48] [50, 53] [55, 60] [69, 70] [74, 75] [79, 81] [85, 86] [88, 89] [91, 107] [108, 92] [124, 128] 
Insert: a
1
2
3
New area:[98, 99]
[1, 34] [35, 38] [40, 45] [46, 48] [50, 53] [55, 60] [69, 70] [74, 75] [79, 81] [85, 86] [88, 89] [91, 98] [99, 107] [108, 92] [124, 128] 
Insert: od
1
2
3
New area:[69, 70]
[1, 34] [35, 38] [40, 45] [46, 48] [50, 53] [55, 60] [74, 75] [79, 81] [85, 86] [88, 89] [91, 98] [99, 107] [108, 92] [124, 128] 
Insert: za
each.start: 35, low_bound: 33
New area:[35, 36]
[1, 34] [36, 38] [40, 45] [46, 48] [50, 53] [55, 60] [74, 75] [79, 81] [85, 86] [88, 89] [91, 98] [99, 107] [108, 92] [124, 128] 
Insert: _
1
2
3
New area:[96, 97]
[1, 34] [36, 38] [40, 45] [46, 48] [50, 53] [55, 60] [74, 75] [79, 81] [85, 86] [88, 89] [91, 96] [97, 98] [99, 107] [108, 92] [124, 128] 
Insert: W
1
2
3
New area:[88, 89]
[1, 34] [36, 38] [40, 45] [46, 48] [50, 53] [55, 60] [74, 75] [79, 81] [85, 86] [91, 96] [97, 98] [99, 107] [108, 92] [124, 128] 
Insert: jak
each.start: 40, low_bound: 33
New area:[40, 45]
1
2
3
New area:[50, 51]
[1, 34] [36, 38] [39, 40] [46, 48] [51, 53] [55, 60] [74, 75] [79, 81] [85, 86] [91, 96] [97, 98] [99, 107] [108, 92] [124, 128] 
Insert: przez
1
2
3
New area:[113, 114]
1
2
3
New area:[115, 116]
each.start: 55, low_bound: 58
New area:[58, 59]
1
2
3
New area:[37, 38]
each.start: 59, low_bound: 58
New area:[59, 60]
[1, 34] [36, 37] [39, 40] [46, 48] [51, 53] [55, 58] [74, 75] [79, 81] [85, 86] [91, 96] [97, 98] [99, 107] [108, 113] [114, 115] [116, 92] [124, 128] 
Insert: Forum
1
2
3
New area:[71, 72]
each.start: 51, low_bound: 47
New area:[51, 52]
each.start: 52, low_bound: 50
New area:[52, 53]
1
2
3
New area:[55, 56]
1
2
3
New area:[47, 48]
[1, 34] [36, 37] [39, 40] [46, 47] [56, 71] [72, 58] [74, 75] [79, 81] [85, 86] [91, 96] [97, 98] [99, 107] [108, 113] [114, 115] [116, 92] [124, 128] 
Insert: O
1
2
3
New area:[80, 81]
[1, 34] [36, 37] [39, 40] [46, 47] [56, 71] [72, 58] [74, 75] [79, 80] [85, 86] [91, 96] [97, 98] [99, 107] [108, 113] [114, 115] [116, 92] [124, 128] 
Insert: Dodaj
[1, 34] [36, 37] [39, 40] [46, 47] [56, 71] [72, 58] [74, 75] [79, 80] [85, 86] [91, 96] [97, 98] [99, 107] [108, 113] [114, 115] [116, 92] [124, 256] 
Size:256                 
each.start: 124, low_bound: 4
New area:[124, 179]
each.start: 56, low_bound: 47
New area:[56, 57]
each.start: 39, low_bound: 36
New area:[39, 40]
1
2
3
New area:[36, 37]
each.start: 46, low_bound: 42
New area:[46, 47]
[1, 34] [57, 58] [74, 75] [79, 81] [85, 86] [88, 89] [91, 92] [106, 108] [111, 114] [117, 118] [120, 121] [123, 124] [179, 256] 
Insert: by
1
2
3
New area:[154, 155]
1
2
3
New area:[177, 178]
[1, 34] [57, 58] [74, 75] [79, 81] [85, 86] [88, 89] [91, 92] [106, 108] [111, 114] [117, 118] [120, 121] [123, 154] [155, 177] [178, 124] [179, 256] 
Insert: Strona
1
2
3
New area:[139, 140]
each.start: 57, low_bound: 52
New area:[57, 58]
each.start: 74, low_bound: 50
New area:[74, 75]
1
2
3
each.start: 79, low_bound: 47
New area:[79, 80]
1
2
3
each.start: 80, low_bound: 46
New area:[80, 81]
1
2
3
each.start: 85, low_bound: 33
New area:[85, 86]
[1, 34] [88, 89] [91, 92] [106, 108] [111, 114] [117, 118] [120, 121] [123, 139] [140, 154] [155, 177] [178, 124] [179, 256] 
Insert: Szukaj
1
2
3
each.start: 123, low_bound: 52
New area:[123, 130]
each.start: 57, low_bound: 53
New area:[57, 58]
each.start: 88, low_bound: 43
New area:[88, 89]
1
2
3
each.start: 91, low_bound: 33
New area:[91, 92]
1
2
3
each.start: 106, low_bound: 42
New area:[106, 107]
[1, 34] [107, 108] [111, 114] [117, 118] [120, 121] [130, 139] [140, 154] [155, 177] [178, 124] [179, 256] 
Insert: lub
1
2
3
New area:[164, 165]
1
2
3
New area:[173, 174]
each.start: 107, low_bound: 34
New area:[107, 108]
[1, 34] [111, 114] [117, 118] [120, 121] [130, 139] [140, 154] [155, 164] [165, 173] [174, 177] [178, 124] [179, 256] 
Insert: po
1
2
3
New area:[112, 113]
[1, 34] [111, 112] [113, 114] [117, 118] [120, 121] [130, 139] [140, 154] [155, 164] [165, 173] [174, 177] [178, 124] [179, 256] 
Insert: oraz
1
2
3
each.start: 179, low_bound: 36
New area:[179, 194]
1
2
3
New area:[176, 177]
1
2
3
New area:[201, 202]
[1, 34] [69, 70] [111, 112] [113, 114] [117, 118] [120, 121] [130, 139] [140, 154] [155, 164] [165, 173] [174, 176] [178, 124] [194, 201] [202, 256] 
Insert: Nie
1
2
3
New area:[134, 135]
each.start: 69, low_bound: 41
New area:[69, 70]
1
2
3
each.start: 111, low_bound: 37
New area:[111, 112]
[1, 34] [113, 114] [117, 118] [120, 121] [130, 134] [135, 139] [140, 154] [155, 164] [165, 173] [174, 176] [178, 124] [194, 201] [202, 256] 
Insert: Allegro
1
2
3
New area:[121, 122]
each.start: 113, low_bound: 44
New area:[113, 114]
each.start: 117, low_bound: 44
New area:[117, 118]
1
2
3
New area:[110, 111]
each.start: 1, low_bound: 39
New area:[39, 40]
each.start: 40, low_bound: 36
New area:[40, 55]
each.start: 55, low_bound: 47
New area:[55, 56]
[1, 39] [36, 37] [56, 110] [111, 34] [120, 121] [122, 121] [130, 134] [135, 139] [140, 154] [155, 164] [165, 173] [174, 176] [178, 124] [194, 201] [202, 256] 
Insert: co
1
2
3
New area:[155, 156]
each.start: 56, low_bound: 47
New area:[56, 57]
[1, 39] [36, 37] [57, 110] [111, 34] [120, 121] [122, 121] [130, 134] [135, 139] [140, 154] [156, 164] [165, 173] [174, 176] [178, 124] [194, 201] [202, 256] 
Insert: I
[1, 39] [36, 37] [57, 110] [111, 34] [120, 121] [122, 121] [130, 134] [135, 139] [140, 154] [156, 164] [165, 173] [174, 176] [178, 124] [194, 201] [202, 512] 
Size:512                 
each.start: 202, low_bound: 1
New area:[202, 260]
[1, 39] [36, 37] [57, 110] [111, 34] [120, 121] [124, 125] [126, 127] [130, 154] [139, 140] [143, 144] [147, 148] [149, 150] [151, 152] [153, 176] [162, 163] [164, 165] [166, 169] [172, 173] [175, 176] [178, 179] [178, 124] [194, 201] [260, 512] 
Insert: nas
each.start: 57, low_bound: 51
New area:[57, 58]
[1, 39] [36, 37] [58, 110] [111, 34] [120, 121] [124, 125] [126, 127] [130, 154] [139, 140] [143, 144] [147, 148] [149, 150] [151, 152] [153, 176] [162, 163] [164, 165] [166, 169] [172, 173] [175, 176] [178, 179] [178, 124] [194, 201] [260, 512] 
Insert: ze
each.start: 1, low_bound: 33
New area:[33, 38]
[1, 33] [35, 36] [38, 39] [36, 37] [58, 110] [111, 34] [120, 121] [124, 125] [126, 127] [130, 154] [139, 140] [143, 144] [147, 148] [149, 150] [151, 152] [153, 176] [162, 163] [164, 165] [166, 169] [172, 173] [175, 176] [178, 179] [178, 124] [194, 201] [260, 512] 
Insert: Zobacz
1
2
3
New area:[227, 228]
each.start: 58, low_bound: 47
New area:[58, 59]
each.start: 35, low_bound: 34
New area:[35, 36]
each.start: 38, low_bound: 33
New area:[38, 39]
each.start: 38, low_bound: 35
New area:[38, 39]
1
2
3
New area:[61, 62]
[1, 33] [38, 39] [36, 38] [39, 38] [39, 37] [59, 61] [62, 110] [111, 34] [120, 121] [124, 125] [126, 127] [130, 154] [139, 140] [143, 144] [147, 148] [149, 150] [151, 152] [153, 176] [162, 163] [164, 165] [166, 169] [172, 173] [175, 176] [178, 179] [178, 124] [194, 227] [228, 201] [260, 512] 
Insert: tym
each.start: 62, low_bound: 47
New area:[62, 73]
each.start: 49, low_bound: 45
New area:[49, 50]
[1, 33] [38, 39] [36, 38] [39, 38] [39, 37] [59, 61] [73, 110] [111, 34] [120, 121] [124, 125] [126, 127] [130, 154] [139, 140] [143, 144] [147, 148] [149, 150] [151, 152] [153, 176] [162, 163] [164, 165] [166, 169] [172, 173] [175, 176] [178, 179] [178, 124] [194, 227] [228, 201] [260, 512] 
Insert: Kontakt
1
2
3
New area:[212, 213]
each.start: 59, low_bound: 47
New area:[59, 60]
each.start: 60, low_bound: 46
New area:[60, 61]
1
2
3
each.start: 73, low_bound: 43
New area:[73, 83]
1
2
3
each.start: 38, low_bound: 33
New area:[38, 39]
each.start: 83, low_bound: 43
New area:[83, 97]
1
2
3
each.start: 57, low_bound: 52
New area:[57, 58]
[1, 33] [38, 39] [36, 38] [39, 38] [39, 38] [39, 37] [61, 62] [97, 110] [111, 34] [120, 121] [124, 125] [126, 127] [130, 154] [139, 140] [143, 144] [147, 148] [149, 150] [151, 152] [153, 176] [162, 163] [164, 165] [166, 169] [172, 173] [175, 176] [178, 179] [178, 124] [194, 212] [213, 227] [228, 201] [260, 512] 
Insert: dni
each.start: 97, low_bound: 44
New area:[97, 101]
1
2
3
New area:[94, 95]
[1, 33] [38, 39] [36, 38] [39, 38] [39, 38] [39, 37] [45, 46] [48, 49] [61, 94] [95, 62] [101, 110] [111, 34] [120, 121] [124, 125] [126, 127] [130, 154] [139, 140] [143, 144] [147, 148] [149, 150] [151, 152] [153, 176] [162, 163] [164, 165] [166, 169] [172, 173] [175, 176] [178, 179] [178, 124] [194, 212] [213, 227] [228, 201] [260, 512] 
Insert: tego
each.start: 61, low_bound: 37
New area:[61, 82]
1
2
3
each.start: 45, low_bound: 39
New area:[45, 46]
each.start: 48, low_bound: 47
New area:[48, 49]
[1, 33] [38, 39] [36, 38] [39, 38] [39, 38] [39, 37] [62, 63] [72, 73] [82, 94] [95, 62] [101, 110] [111, 34] [120, 121] [124, 125] [126, 127] [130, 154] [139, 140] [143, 144] [147, 148] [149, 150] [151, 152] [153, 176] [162, 163] [164, 165] [166, 169] [172, 173] [175, 176] [178, 179] [178, 124] [194, 212] [213, 227] [228, 201] [260, 512] 
Insert: forum
1
2
3
New area:[239, 240]
each.start: 62, low_bound: 47
New area:[62, 63]
1
2
3
each.start: 72, low_bound: 50
New area:[72, 73]
1
2
3
each.start: 82, low_bound: 53
New area:[82, 83]
each.start: 260, low_bound: 9
New area:[260, 297]
[1, 33] [38, 39] [36, 38] [39, 38] [39, 37] [83, 94] [95, 62] [101, 110] [111, 34] [120, 121] [124, 125] [126, 127] [130, 154] [139, 140] [143, 144] [147, 148] [149, 150] [151, 152] [153, 176] [162, 163] [164, 165] [166, 169] [172, 173] [175, 176] [178, 179] [178, 124] [194, 212] [213, 227] [228, 239] [240, 201] [297, 512] 
Insert: PLN
1
2
3
New area:[217, 218]
1
2
3
New area:[213, 214]
each.start: 1, low_bound: 14
New area:[14, 15]
[1, 14] [15, 33] [38, 39] [36, 38] [39, 38] [39, 37] [83, 94] [95, 62] [101, 110] [111, 34] [120, 121] [124, 125] [126, 127] [130, 154] [139, 140] [143, 144] [147, 148] [149, 150] [151, 152] [153, 176] [162, 163] [164, 165] [166, 169] [172, 173] [175, 176] [178, 179] [178, 124] [194, 212] [214, 217] [218, 227] [228, 239] [240, 201] [297, 512] 
Insert: ale
1
2
3
New area:[109, 110]
1
2
3
each.start: 38, low_bound: 37
New area:[38, 39]
[1, 14] [15, 33] [38, 39] [36, 38] [39, 38] [39, 38] [39, 37] [83, 94] [95, 62] [101, 109] [111, 34] [120, 121] [124, 125] [126, 127] [130, 154] [139, 140] [143, 144] [147, 148] [149, 150] [151, 152] [153, 176] [162, 163] [164, 165] [166, 169] [172, 173] [175, 176] [178, 179] [178, 124] [194, 212] [214, 217] [218, 227] [228, 239] [240, 201] [297, 512] 
Insert: tylko
each.start: 83, low_bound: 44
New area:[83, 85]
each.start: 297, low_bound: 18
New area:[297, 323]
1
2
3
New area:[326, 327]
[1, 14] [15, 33] [38, 39] [36, 38] [39, 38] [39, 38] [39, 37] [49, 50] [57, 58] [85, 94] [95, 62] [101, 109] [111, 34] [120, 121] [124, 125] [126, 127] [130, 154] [139, 140] [143, 144] [147, 148] [149, 150] [151, 152] [153, 176] [162, 163] [164, 165] [166, 169] [172, 173] [175, 176] [178, 179] [178, 124] [194, 212] [214, 217] [218, 227] [228, 239] [240, 201] [323, 326] [327, 512] 
Insert: the
1
2
3
each.start: 130, low_bound: 37
New area:[130, 151]
each.start: 38, low_bound: 37
New area:[38, 39]
[1, 14] [15, 33] [38, 39] [36, 38] [39, 38] [39, 38] [39, 38] [39, 37] [49, 50] [57, 58] [61, 62] [71, 72] [81, 82] [85, 94] [95, 62] [101, 109] [111, 34] [120, 121] [124, 125] [126, 127] [151, 154] [139, 140] [143, 144] [147, 148] [149, 150] [151, 152] [153, 176] [162, 163] [164, 165] [166, 169] [172, 173] [175, 176] [178, 179] [178, 124] [194, 212] [214, 217] [218, 227] [228, 239] [240, 201] [323, 326] [327, 512] 
Insert: Polska
each.start: 327, low_bound: 12
New area:[327, 363]
1
2
3
each.start: 49, low_bound: 44
New area:[49, 50]
each.start: 57, low_bound: 51
New area:[57, 58]
each.start: 61, low_bound: 43
New area:[61, 62]
each.start: 38, low_bound: 33
New area:[38, 39]
[1, 14] [15, 33] [38, 39] [36, 38] [39, 38] [39, 38] [39, 38] [39, 38] [39, 37] [71, 72] [81, 82] [85, 94] [95, 62] [101, 109] [111, 34] [120, 121] [124, 125] [126, 127] [151, 154] [139, 140] [143, 144] [147, 148] [149, 150] [151, 152] [153, 176] [162, 163] [164, 165] [166, 169] [172, 173] [175, 176] [178, 179] [178, 124] [194, 212] [213, 217] [218, 227] [228, 239] [240, 201] [323, 326] [363, 512] 
Insert: sie
1
2
3
New area:[252, 253]
each.start: 71, low_bound: 41
New area:[71, 72]
1
2
3
each.start: 38, low_bound: 37
New area:[38, 39]
[1, 14] [15, 33] [38, 39] [36, 38] [39, 38] [39, 38] [39, 38] [39, 38] [39, 38] [39, 37] [81, 82] [85, 94] [95, 62] [101, 109] [111, 34] [120, 121] [124, 125] [126, 127] [151, 154] [139, 140] [143, 144] [147, 148] [149, 150] [151, 152] [153, 176] [162, 163] [164, 165] [166, 169] [172, 173] [175, 176] [178, 179] [178, 124] [194, 212] [213, 217] [218, 227] [228, 239] [240, 252] [253, 201] [323, 326] [363, 512] 
Insert: Gry
1
2
3
New area:[208, 209]
1
2
3
New area:[251, 252]
1
2
3
New area:[258, 259]
[1, 14] [15, 33] [38, 39] [36, 38] [39, 38] [39, 38] [39, 38] [39, 38] [39, 38] [39, 37] [81, 82] [85, 94] [95, 62] [101, 109] [111, 34] [120, 121] [124, 125] [126, 127] [151, 154] [139, 140] [143, 144] [147, 148] [149, 150] [151, 152] [153, 176] [162, 163] [164, 165] [166, 169] [172, 173] [175, 176] [178, 179] [178, 124] [194, 208] [209, 212] [213, 217] [218, 227] [228, 239] [240, 251] [253, 258] [259, 201] [323, 326] [363, 512] 
Insert: Wszystkie
1
2
3
each.start: 81, low_bound: 51
New area:[81, 82]
each.start: 85, low_bound: 58
New area:[85, 86]
each.start: 86, low_bound: 57
New area:[86, 87]
each.start: 87, low_bound: 51
New area:[87, 88]
each.start: 88, low_bound: 52
New area:[88, 89]
each.start: 153, low_bound: 43
New area:[153, 166]
1
2
3
New area:[151, 152]
1
2
3
New area:[147, 148]
[1, 14] [15, 33] [38, 39] [36, 38] [39, 38] [39, 38] [39, 38] [39, 38] [39, 38] [39, 37] [89, 62] [101, 109] [111, 34] [120, 121] [124, 125] [126, 127] [151, 154] [139, 140] [143, 144] [149, 150] [166, 176] [162, 163] [164, 165] [166, 169] [172, 173] [175, 176] [178, 179] [178, 124] [194, 208] [209, 212] [213, 217] [218, 227] [228, 239] [240, 251] [253, 258] [259, 201] [323, 326] [363, 512] 
Insert: Reklama
1
2
3
New area:[219, 220]
1
2
3
New area:[238, 239]
1
2
3
New area:[244, 245]
each.start: 101, low_bound: 44
New area:[101, 102]
1
2
3
each.start: 38, low_bound: 33
New area:[38, 39]
each.start: 102, low_bound: 45
New area:[102, 103]
1
2
3
each.start: 38, low_bound: 33
New area:[38, 39]
[1, 14] [15, 33] [38, 39] [36, 38] [39, 38] [39, 38] [39, 38] [39, 38] [39, 38] [39, 38] [39, 38] [39, 37] [89, 62] [103, 109] [111, 34] [120, 121] [124, 125] [126, 127] [151, 154] [139, 140] [143, 144] [149, 150] [166, 176] [162, 163] [164, 165] [166, 169] [172, 173] [175, 176] [178, 179] [178, 124] [194, 208] [209, 212] [213, 217] [218, 219] [220, 227] [228, 238] [240, 244] [245, 251] [253, 258] [259, 201] [323, 326] [363, 512] 
Insert: A
[1, 14] [15, 33] [38, 39] [36, 38] [39, 38] [39, 38] [39, 38] [39, 38] [39, 38] [39, 38] [39, 38] [39, 37] [89, 62] [103, 109] [111, 34] [120, 121] [124, 125] [126, 127] [151, 154] [139, 140] [143, 144] [149, 150] [166, 176] [162, 163] [164, 165] [166, 169] [172, 173] [175, 176] [178, 179] [178, 124] [194, 208] [209, 212] [213, 217] [218, 219] [220, 227] [228, 238] [240, 244] [245, 251] [253, 258] [259, 201] [323, 326] [363, 512] 
na
nie
jest
jak
przez
Forum
Dodaj
Strona
Szukaj
nas
Zobacz
Kontakt
ale
the
Polska
sie
Reklama
Correctness: 33/50
#            base            value            check
0  :            201             -1             -3
1  :             -1             -1             -1
2  :             -1             -1             -1
3  :             -1             -1             -1
4  :             -1             -1             -1
5  :             -1             -1             -1
6  :             -1             -1             -1
7  :             -1             -1             -1
8  :             -1             -1             -1
9  :             -1             -1             -1
10 :             -1             -1             -1
11 :             -1             -1             -1
12 :             -1             -1             -1
13 :             -1             -1             -1
14 :              0       74270306            327
15 :             -1             -1             -1
16 :             -1             -1             -1
17 :             -1             -1             -1
18 :             -1             -1             -1
19 :             -1             -1             -1
20 :             -1             -1             -1
21 :             -1             -1             -1
22 :             -1             -1             -1
23 :             -1             -1             -1
24 :             -1             -1             -1
25 :             -1             -1             -1
26 :             -1             -1             -1
27 :             -1             -1             -1
28 :             -1             -1             -1
29 :             -1             -1             -1
30 :             -1             -1             -1
31 :             -1             -1             -1
32 :             -1             -1             -1
33 :              2      152533081            259
34 :              1      228677366             97
35 :              5             -1             58
36 :             -1             -1             -1
37 :              0       87281359            259
38 :              5       67488219            102
39 :              4             -1            110
40 :              4             -1             39
41 :             -1             -1             -1
42 :             -1             -1             -1
43 :             -1             -1             -1
44 :              2             -1            243
45 :              1             -1            130
46 :              4      109180889             40
47 :              2      116178910             55
48 :              1       76919183             45
49 :              6             -1            362
50 :              7      127273296             40
51 :              2             -1            207
52 :              2             -1             51
53 :              2             -1             44
54 :              8      252352614             39
55 :              8       90958918             54
56 :              9       88123189            236
57 :             18             -1             49
58 :              1             -1            227
59 :             14      121722100            212
60 :             30      766273425             59
61 :              5             -1             57
62 :             22             -1            239
63 :             -1             -1             -1
64 :             -1             -1             -1
65 :             -1             -1             -1
66 :             -1             -1             -1
67 :             -1             -1             -1
68 :              1             -1            247
69 :             74             -1            215
70 :             -1             -1             -1
71 :              1             -1            252
72 :             29             -1             62
73 :              6       87780603             60
74 :             32             -1            123
75 :             -1             -1             -1
76 :             -1             -1             -1
77 :             -1             -1             -1
78 :             -1             -1             -1
79 :             34             -1             74
80 :             52             -1             79
81 :             27             -1            224
82 :            251             -1             72
83 :            279             -1            150
84 :              4       81648469            150
85 :             29      106976775             81
86 :             36             -1             85
87 :             36             -1             86
88 :            110             -1             87
89 :             -1             -1             -1
90 :             -1             -1             -1
91 :             -1             -1             -1
92 :             -1             -1             -1
93 :             -1             -1             -1
94 :             53       79169922             99
95 :             -1             -1             -1
96 :              3       86281772            260
97 :              1             -1            237
98 :             -1             -1             -1
99 :             53             -1            237
100:              1      741279366            237
101:              5             -1            244
102:              5             -1             38
103:             -1             -1             -1
104:             -1             -1             -1
105:             -1             -1             -1
106:             64      106325170            165
107:             73      104265667            173
108:             -1             -1             -1
109:              1             -1            234
110:              0             -1            117
111:             74       96412205             69
112:             65      104146264            249
113:             73             -1            202
114:             -1             -1             -1
115:              0             -1            249
116:             -1             -1             -1
117:             73             -1            113
118:             -1             -1             -1
119:             -1             -1             -1
120:             -1             -1             -1
121:             -1             -1             -1
122:             -1             -1             -1
123:             24             -1            220
124:             -1             -1             -1
125:             -1             -1             -1
126:             -1             -1             -1
127:             -1             -1             -1
128:             -1             -1             -1
129:              4             -1            220
130:              6             -1            253
131:             -1             -1             -1
132:             -1             -1             -1
133:              1             -1            253
134:             -1             -1             -1
135:             -1             -1             -1
136:             -1             -1             -1
137:             -1             -1             -1
138:             -1             -1             -1
139:             -1             -1             -1
140:              2      338099140            253
141:             -1             -1             -1
142:             -1             -1             -1
143:             -1             -1             -1
144:             -1             -1             -1
145:             -1             -1             -1
146:             -1             -1             -1
147:            110       68531811            151
148:             -1             -1             -1
149:             -1             -1             -1
150:             39             -1            253
151:            110             -1            153
152:             -1             -1             -1
153:            110             -1             88
154:             -1             -1             -1
155:             -1             -1             -1
156:             -1             -1             -1
157:             -1             -1             -1
158:             -1             -1             -1
159:             -1             -1             -1
160:             -1             -1             -1
161:             -1             -1             -1
162:             -1             -1             -1
163:             -1             -1             -1
164:             -1             -1             -1
165:             64             -1             88
166:             -1             -1             -1
167:             -1             -1             -1
168:             -1             -1             -1
169:             -1             -1             -1
170:             -1             -1             -1
171:             -1             -1             -1
172:             -1             -1             -1
173:             73             -1            245
174:             -1             -1             -1
175:             -1             -1             -1
176:            143             -1            193
177:            120      108660928            235
178:             -1             -1             -1
179:             33      166957420            248
180:             -1             -1             -1
181:             -1             -1             -1
182:             -1             -1             -1
183:             -1             -1             -1
184:             -1             -1             -1
185:             -1             -1             -1
186:             -1             -1             -1
187:             -1             -1             -1
188:             -1             -1             -1
189:             -1             -1             -1
190:             -1             -1             -1
191:             -1             -1             -1
192:             -1             -1             -1
193:            143             -1            248
194:             -1             -1             -1
195:             -1             -1             -1
196:             -1             -1             -1
197:             -1             -1             -1
198:             -1             -1             -1
199:             -1             -1             -1
200:             -1             -1             -1
201:            143       97811891            176
202:             69       66238344              0
203:             -1             -1             -1
204:             -1             -1             -1
205:              9             -1              0
206:             -1             -1             -1
207:              4             -1              0
208:            201             -1              0
209:             -1             -1             -1
210:            201       87870954              0
211:             -1             -1             -1
212:             12             -1              0
213:             -1             -1             -1
214:             -1             -1             -1
215:             28             -1              0
216:             65      111332101              0
217:            315             -1              0
218:             -1             -1             -1
219:            201             -1              0
220:             71             -1              0
221:             -1             -1             -1
222:             -1             -1             -1
223:             -1             -1             -1
224:             30      146671878              0
225:             -1             -1             -1
226:             -1             -1             -1
227:             11             -1              0
228:             65      255726445              0
229:             -1             -1             -1
230:             33      267105515              0
231:             -1             -1             -1
232:             65      147499238              0
233:             -1             -1             -1
234:             65      168420473              0
235:            120             -1              0
236:              9             -1              0
237:             53             -1              0
238:            201             -1            219
239:             15             -1              0
240:             -1             -1             -1
241:             -1             -1             -1
242:              1     1180184409              0
243:              7             -1              0
244:             57             -1            238
245:            120             -1              0
246:             -1             -1             -1
247:             27             -1              0
248:            143      320229755              0
249:             65             -1              0
250:             -1             -1             -1
251:            201             -1            208
252:             30             -1              0
253:             93             -1              0
254:             -1             -1             -1
255:             -1             -1             -1
256:              1     1142943990              0
257:             -1             -1             -1
258:            201       68743299            251
259:              0      781252510              0
260:             40      379995652             82
261:             -1             -1             -1
262:             -1             -1             -1
263:             -1             -1             -1
264:             -1             -1             -1
265:             -1             -1             -1
266:             -1             -1             -1
267:             -1             -1             -1
268:             -1             -1             -1
269:             -1             -1             -1
270:             -1             -1             -1
271:             -1             -1             -1
272:             -1             -1             -1
273:             -1             -1             -1
274:             -1             -1             -1
275:             -1             -1             -1
276:             -1             -1             -1
277:             -1             -1             -1
278:             -1             -1             -1
279:             -1             -1             -1
280:             -1             -1             -1
281:             -1             -1             -1
282:             -1             -1             -1
283:             -1             -1             -1
284:             -1             -1             -1
285:             -1             -1             -1
286:             -1             -1             -1
287:             -1             -1             -1
288:             -1             -1             -1
289:             -1             -1             -1
290:             -1             -1             -1
291:             -1             -1             -1
292:             -1             -1             -1
293:             -1             -1             -1
294:             -1             -1             -1
295:             -1             -1             -1
296:            251       74518760             82
297:              5       79276548             83
298:             -1             -1             -1
299:             -1             -1             -1
300:             -1             -1             -1
301:             -1             -1             -1
302:             -1             -1             -1
303:             -1             -1             -1
304:             -1             -1             -1
305:             -1             -1             -1
306:             -1             -1             -1
307:             -1             -1             -1
308:             -1             -1             -1
309:             -1             -1             -1
310:             -1             -1             -1
311:             -1             -1             -1
312:             -1             -1             -1
313:             -1             -1             -1
314:             -1             -1             -1
315:             -1             -1             -1
316:             -1             -1             -1
317:             -1             -1             -1
318:             -1             -1             -1
319:             -1             -1             -1
320:             -1             -1             -1
321:             -1             -1             -1
322:            279             -1             83
323:             -1             -1             -1
324:             -1             -1             -1
325:             -1             -1             -1
326:            279       72811319            322
327:              0             -1            217
328:             -1             -1             -1
329:             -1             -1             -1
330:             -1             -1             -1
331:             -1             -1             -1
332:             -1             -1             -1
333:             -1             -1             -1
334:             -1             -1             -1
335:             -1             -1             -1
336:             -1             -1             -1
337:             -1             -1             -1
338:             -1             -1             -1
339:             -1             -1             -1
340:             -1             -1             -1
341:             -1             -1             -1
342:             -1             -1             -1
343:             -1             -1             -1
344:             -1             -1             -1
345:             -1             -1             -1
346:             -1             -1             -1
347:             -1             -1             -1
348:             -1             -1             -1
349:             -1             -1             -1
350:             -1             -1             -1
351:             -1             -1             -1
352:             -1             -1             -1
353:             -1             -1             -1
354:             -1             -1             -1
355:             -1             -1             -1
356:             -1             -1             -1
357:             -1             -1             -1
358:             -1             -1             -1
359:             -1             -1             -1
360:             -1             -1             -1
361:             -1             -1             -1
362:              5             -1            217
363:             -1             -1             -1
364:             -1             -1             -1
365:             -1             -1             -1
366:             -1             -1             -1
367:             -1             -1             -1
368:             -1             -1             -1
369:             -1             -1             -1
370:             -1             -1             -1
371:             -1             -1             -1
372:             -1             -1             -1
373:             -1             -1             -1
374:             -1             -1             -1
375:             -1             -1             -1
376:             -1             -1             -1
377:             -1             -1             -1
378:             -1             -1             -1
379:             -1             -1             -1
380:             -1             -1             -1
381:             -1             -1             -1
382:             -1             -1             -1
383:             -1             -1             -1
384:             -1             -1             -1
385:             -1             -1             -1
386:             -1             -1             -1
387:             -1             -1             -1
388:             -1             -1             -1
389:             -1             -1             -1
390:             -1             -1             -1
391:             -1             -1             -1
392:             -1             -1             -1
393:             -1             -1             -1
394:             -1             -1             -1
395:             -1             -1             -1
396:             -1             -1             -1
397:             -1             -1             -1
398:             -1             -1             -1
399:             -1             -1             -1
400:             -1             -1             -1
401:             -1             -1             -1
402:             -1             -1             -1
403:             -1             -1             -1
404:             -1             -1             -1
405:             -1             -1             -1
406:             -1             -1             -1
407:             -1             -1             -1
408:             -1             -1             -1
409:             -1             -1             -1
410:             -1             -1             -1
411:             -1             -1             -1
412:             -1             -1             -1
413:             -1             -1             -1
414:             -1             -1             -1
415:             -1             -1             -1
416:             -1             -1             -1
417:             -1             -1             -1
418:             -1             -1             -1
419:             -1             -1             -1
420:             -1             -1             -1
421:             -1             -1             -1
422:             -1             -1             -1
423:             -1             -1             -1
424:             -1             -1             -1
425:             -1             -1             -1
426:             -1             -1             -1
427:             -1             -1             -1
428:             -1             -1             -1
429:             -1             -1             -1
430:             -1             -1             -1
431:             -1             -1             -1
432:             -1             -1             -1
433:             -1             -1             -1
434:             -1             -1             -1
435:             -1             -1             -1
436:             -1             -1             -1
437:             -1             -1             -1
438:             -1             -1             -1
439:             -1             -1             -1
440:             -1             -1             -1
441:             -1             -1             -1
442:             -1             -1             -1
443:             -1             -1             -1
444:             -1             -1             -1
445:             -1             -1             -1
446:             -1             -1             -1
447:             -1             -1             -1
448:             -1             -1             -1
449:             -1             -1             -1
450:             -1             -1             -1
451:             -1             -1             -1
452:             -1             -1             -1
453:             -1             -1             -1
454:             -1             -1             -1
455:             -1             -1             -1
456:             -1             -1             -1
457:             -1             -1             -1
458:             -1             -1             -1
459:             -1             -1             -1
460:             -1             -1             -1
461:             -1             -1             -1
462:             -1             -1             -1
463:             -1             -1             -1
464:             -1             -1             -1
465:             -1             -1             -1
466:             -1             -1             -1
467:             -1             -1             -1
468:             -1             -1             -1
469:             -1             -1             -1
470:             -1             -1             -1
471:             -1             -1             -1
472:             -1             -1             -1
473:             -1             -1             -1
474:             -1             -1             -1
475:             -1             -1             -1
476:             -1             -1             -1
477:             -1             -1             -1
478:             -1             -1             -1
479:             -1             -1             -1
480:             -1             -1             -1
481:             -1             -1             -1
482:             -1             -1             -1
483:             -1             -1             -1
484:             -1             -1             -1
485:             -1             -1             -1
486:             -1             -1             -1
487:             -1             -1             -1
488:             -1             -1             -1
489:             -1             -1             -1
490:             -1             -1             -1
491:             -1             -1             -1
492:             -1             -1             -1
493:             -1             -1             -1
494:             -1             -1             -1
495:             -1             -1             -1
496:             -1             -1             -1
497:             -1             -1             -1
498:             -1             -1             -1
499:             -1             -1             -1
500:             -1             -1             -1
501:             -1             -1             -1
502:             -1             -1             -1
503:             -1             -1             -1
504:             -1             -1             -1
505:             -1             -1             -1
506:             -1             -1             -1
507:             -1             -1             -1
508:             -1             -1             -1
509:             -1             -1             -1
510:             -1             -1             -1
511:             -1             -1             -1
